[[361.050079099001,
  55.07497832275407,
  48.435144698481004,
  68.7341998735039,
  7.552029238630905,
  56.7719986783274,
  29.985381987293742,
  28.216293054059204,
  50.03233832258338],
 [84.95955277922494,
  361.050079099001,
  76.11991879311361,
  63.06689305747812,
  79.53106997955072,
  81.87015336314111,
  57.146971474994494,
  56.7940247296326,
  36.658601622570664],
 [78.31971915495187,
  76.11991879311361,
  361.050079099001,
  61.412166647420804,
  70.9421315262664,
  38.60176044069993,
  76.1586760966817,
  67.19287273872919,
  69.68431595124451],
 [98.61877432997476,
  63.06689305747812,
  61.412166647420804,
  361.050079099001,
  91.2768332323074,
  61.32536757317504,
  81.2181371190697,
  75.00419645131198,
  60.23054349006385],
 [37.43660369510177,
  79.53106997955072,
  70.9421315262664,
  91.2768332323074,
  361.050079099001,
  79.36730919391978,
  56.43654321580778,
  52.71517710810627,
  74.05754460829542],
 [86.65657313479826,
  81.87015336314111,
  38.60176044069993,
  61.32536757317504,
  79.36730919391978,
  361.050079099001,
  84.49989026552942,
  75.59730546384064,
  75.79155531890629],
 [59.8699564437646,
  57.146971474994494,
  76.1586760966817,
  81.2181371190697,
  56.43654321580778,
  84.49989026552942,
  361.050079099001,
  38.90062477603962,
  54.033618435240136],
 [58.10086751053007,
  56.7940247296326,
  67.19287273872919,
  75.00419645131198,
  52.71517710810627,
  75.59730546384064,
  38.90062477603962,
  361.050079099001,
  51.763959324408866],
 [79.91691277905424,
  36.658601622570664,
  69.68431595124451,
  60.23054349006385,
  74.05754460829542,
  75.79155531890629,
  54.033618435240136,
  51.763959324408866,
  361.050079099001]]